1000
16722
10810
15490
38797
57918
11543
33714
60694
37641
44526
44979
60352
1172
53710
45304
56530
50309
34228
12107
16958
45992
17844
31207
22028
14205
36430
24386
59078
39455
9340
35660
13971
58903
33543
58001
3620
57275
63430
54169
16627
7633
19709
43586
9201
12016
57523
50148
61419
54001
27281
12592
16710
49345
32225
22676
12498
15170
62573
64192
15391
6635
43233
47204
8236
53299
31827
51939
1887
32309
20489
6375
39301
439
31810
60440
16438
13964
9720
52615
54722
35207
7585
14327
1158
30752
6468
52192
32036
29499
45739
44545
33546
13690
56753
20212
33842
9777
1109
11072
3120
51040
2547
2939
18684
42185
37528
7290
55814
18350
7969
48761
3843
5869
13152
65231
17117
57920
26605
813
7267
36763
4178
11588
24853
22327
28148
48707
2904
15344
40735
48835
23462
31504
17143
46026
64143
42750
60613
13627
27531
58003
7907
1006
60457
21136
34102
46577
25834
4926
35879
53258
6881
47906
62505
39783
14943
12002
514
7221
4830
52758
12301
8195
9112
15675
41712
16434
17902
2523
45680
43487
49989
53093
33413
18123
40176
28150
4656
59370
49690
60210
21729
62298
36646
18196
63327
43514
65048
29529
32828
59605
60021
43762
55496
43614
54304
63684
4774
20717
50455
20681
32324
45451
63194
34977
34040
31572
9830
24198
29166
61386
15006
26523
44691
32514
51153
21982
4166
19096
44378
10141
19380
38999
43490
61583
24603
18313
62369
28469
47415
2389
42068
56850
461
24203
59395
9977
9070
23989
49260
24518
23377
38781
43898
24650
16540
39197
58198
11594
28069
37089
65454
61891
26011
48263
25563
63129
19761
4330
51848
22700
31181
15565
12720
26611
35154
16697
53144
34523
77
9180
41283
35738
9384
7695
31757
61258
38248
20766
48890
38972
31758
30138
52608
35888
18447
57852
43243
61979
15338
33029
52852
23162
22503
60708
2792
62355
14372
50201
13696
7913
45199
8603
22524
21104
58058
37617
38056
39227
10360
7242
62859
4741
49048
47339
6268
26342
24140
9165
18580
22254
58824
17408
40665
41044
54314
21853
29367
18213
34294
20683
21186
5269
59138
36683
50115
16404
51628
59938
63010
32785
45555
23382
37579
57525
18666
49393
62989
5217
64305
349
36278
62781
20032
1500
63801
30406
45878
44266
36748
61235
55392
26093
37165
34125
64241
22790
48545
22955
341
42777
63189
47289
35294
17598
14805
11524
35574
36597
44201
13965
36915
59636
1082
26740
6651
44168
24385
52571
35593
27663
58672
7429
11769
9847
26896
16681
12481
19668
11774
32234
51768
46282
5611
30882
39483
60026
63698
41726
55166
54595
5143
16136
8391
17221
27988
10455
50555
51239
46575
30483
34363
6334
27768
32090
48019
22784
49732
51686
52784
8514
61365
35921
3786
53601
9377
64060
54138
41290
39326
48031
28901
27155
44654
49919
28509
7073
54398
47078
52953
255
46665
23421
3944
5465
63416
48474
11060
63111
39687
31988
9348
42129
6067
13377
63329
8801
62366
25727
23815
61180
37873
42557
23174
19075
1534
16859
8757
38474
53446
52918
62377
46313
54631
41977
31907
46543
26464
61474
43289
55997
52023
60336
4442
2256
1634
6887
57421
64688
28004
43894
52805
30701
16264
1090
50750
63921
59671
615
55778
2733
3687
46860
25880
36132
6792
32757
59818
45205
40777
44984
21545
16499
2326
39383
30427
54308
16433
36405
8768
51932
3509
19760
18352
22399
56879
14917
1479
28204
47084
4817
39972
57145
14477
8684
61233
50594
441
15236
53185
65292
2074
38238
9007
18446
61002
8341
12106
47756
11808
20050
53627
34357
64802
39113
11512
57583
10606
32669
57260
27234
14308
29526
9710
19129
57490
2885
5751
35608
51346
22045
9436
27422
47699
46991
42669
56392
47189
7063
36009
37950
44785
17602
52790
58964
37185
31027
45832
14840
50565
27463
64340
52267
10119
44283
25424
6373
20468
23882
27826
63874
4608
24186
18085
4400
10100
35295
24350
5758
13723
26333
25877
16352
10343
57716
22491
32718
8799
48393
556
24010
54218
27950
42001
30406
15584
407
21833
17017
64704
62326
13645
40294
12155
36103
58547
34904
23044
65119
44352
59598
30426
43104
33925
5542
20706
38561
38415
10351
62128
59255
10320
22676
63180
57898
9074
29547
61361
43433
23763
29636
18602
37275
26167
65452
29577
37860
37318
55966
63256
61359
39953
9117
60830
48796
47386
37617
46683
61020
33012
62907
8241
55595
5729
32946
25902
4604
2993
65308
39561
49105
15475
2777
63184
40939
22952
26549
18967
23987
12433
3578
60504
12973
54161
42343
51278
4449
51335
11324
5027
60822
40170
45951
37051
7509
21934
23251
64394
52954
2520
63480
15003
35102
3824
40775
56384
63448
11898
8606
13088
19140
40835
23109
21218
9224
35635
22672
36992
62340
44477
36799
56492
60431
34343
5265
5732
37942
64584
9647
4797
45783
18574
6081
41577
60910
29724
47908
9248
22841
63004
11087
14706
58035
45980
45651
46837
19345
38966
27544
23907
39967
617
3682
35363
14533
18015
17510
53038
14072
34295
59113
12992
737
14110
16642
29468
13466
13194
35662
55887
54263
40778
14345
47607
61672
7781
15807
64676
12310
50904
11616
22910
8060
40045
62685
32613
52597
56190
28453
6040
58873
10110
34296
51326
61664
47170
60740
16881
12369
22741
37540
48309
11931
33136
51969
875
52354
59297
10380
29626
25006
50593
30458
29465
48955
65063
4467
62673
17045
29478
64739
17760
65010
9251
4835
9925
48659
38919
45442
54974
64727
63856
16952
49121
51450
36696
19213
57594
11181
27564
38590
23585
52471
23949
62945
47775
65149
22939
34514
50459
18906
35142
39599
19708
36675
8054
14878
32849
28592
39625
22384
40460
2661
21397
16122
26883
22314
57494
1591
44507
869
9260
51681
55387
55017
48892
37922
38933
19602
16476
49552
21022
20679
34487
33746
40194
317
20747
36446
2733
27525
38496
35908
54606
3518
52916
25275
20185
36351
56217
27397
41589
28298
2626
61777
1349
49245
29553
1765
58665
1219
47907
19665
50159
28982
47494
30238
36495
60120
53035
27179
17035
36773
43980
5601
33388
43691
51665
24828
55507
6652
49241
36597
57783
42256
7187
20079
63512
54394
42050
31281
48822
30511
13604
42275
19694
14052
23508
2075
13626
54395
19990
32229
22013
17703
62715
10931
62756
60893
18027
23719
56425
63663
54120
14703
58206
20146
22192
52345
2232
